
8 0 0 5 
7 0 1 2 
8 0 0 6 
7 0 0 2 
6 1 2 0 
5 1 4 1 
4 1 5 2 
6 1 3 0 
5 1 3 1 
4 1 4 2 
3 0 5 6 
0 0 3 6 
2 0 2 5 
1 1 3 3 
3 1 4 5 
1 0 5 4 
2 1 3 3 
0 1 2 5 
3 0 3 6 
3 1 5 6 
3 0 4 5 
3 1 3 6 
1 0 5 3 
2 1 3 4 
0 1 2 4 
3 0 4 5 
3 1 5 6 
3 0 3 6 
3 0 2 6 
1 1 4 5 
1 1 4 6 
1 1 5 6 
2 1 4 4 
0 1 2 3 
3 0 2 5 
2 1 5 4 
0 1 3 3 
2 0 2 4 
3 1 3 6 
2 0 2 5 
1 0 4 4 
1 0 5 4 
1 0 5 3 
3 1 4 6 
2 0 2 6 
3 1 4 5 
0 1 3 4 
2 1 2 3 
3 0 3 6 
3 1 5 6 
3 0 4 5 
3 1 3 6 
3 1 2 6 
1 1 4 5 
1 1 4 6 
1 1 5 6 
0 1 4 4 
2 1 3 3 
3 1 2 5 
0 1 5 4 
2 1 3 4 
3 1 2 4 
0 1 5 3 
1 0 4 4 
1 1 3 6 
1 1 2 6 
2 1 4 4 
3 1 2 3 
1 1 2 5 
2 1 4 5 
3 1 3 3 
1 1 2 4 
2 1 4 6 
2 1 3 6 
0 0 4 4 
1 1 3 4 
2 1 2 6 
0 0 4 5 
2 0 5 6 
1 0 2 6 
0 1 3 4 
0 0 5 4 
0 0 5 3 
3 1 3 4 
1 1 2 3 
2 1 2 6 
2 0 4 5 
2 0 4 4 
1 0 2 6 
3 0 2 3 
2 1 3 6 
0 1 4 4 
1 1 3 4 
2 1 2 6 
0 0 5 3 
1 1 4 4 
2 1 2 5 
1 1 4 5 
2 1 2 4 
1 1 4 6 
1 1 5 6 
0 1 4 4 
0 1 3 4 
2 0 3 6 
0 1 2 4 
1 0 4 4 
1 0 5 4 
1 0 5 3 
2 0 4 6 
0 1 2 5 
3 1 3 4 
0 0 2 3 
2 1 2 5 
1 1 4 5 
1 1 4 6 
1 1 5 6 
3 1 4 4 
0 0 3 3 
2 1 2 4 
3 1 5 4 
3 1 5 3 
1 0 4 4 
0 0 3 4 
2 1 2 3 
1 1 3 6 
1 1 2 6 
0 0 4 4 
2 1 3 3 
1 1 2 5 
0 0 4 5 
2 1 3 4 
1 1 2 4 
0 0 4 6 
0 0 3 6 
2 1 4 4 
1 1 2 3 
0 1 4 5 
0 0 5 6 
x 7 > 6 x x
x ^ U 5 L x
R ^ x x 4 L
8 x 1 D x 3
^ x ^ > 2 U
^ x U x e x
U x e e 0 L
15.337608098983765
138
