240
99
161
190
141
69
178
224
86
11
157
71
128
20
240
86
154
157
213
211
37
55
231
58
35
238
137
147
115
222
94
198
106
204
126
188
8
156
253
238
21
6
159
214
139
53
195
103
96
173
192
94
21
209
239
94
242
206
151
165
226
219
37
249
241
137
125
28
212
23
247
234
84
205
201
51
148
40
106
40
48
155
245
209
88
102
115
145
112
105
143
4
76
91
225
14
135
90
21
30
32
32
112
122
26
45
67
196
216
87
246
211
198
227
97
108
203
219
152
7
215
52
95
173
48
222
164
59
58
233
23
114
120
72
90
81
20
88
176
244
162
219
100
227
103
232
153
250
87
214
173
178
17
22
75
140
30
33
98
49
118
122
157
73
176
148
216
201
94
28
9
102
4
17
185
165
198
66
149
196
146
227
166
136
255
102
190
128
206
212
183
226
247
101
25
175
21
73
87
167
185
199
153
1
252
136
120
131
25
170
5
90
135
140
27
68
99
242
215
90
63
218
56
217
42
99
174
9
235
100
232
71
80
30
183
40
67
147
156
200
148
133
98
93
189
251
17
130
139
2
54
181
114
113
166
252
144
0
47
220
209
234
135
132
87
51
112
148
120
56
26
13
148
43
242
61
130
128
130
161
235
113
250
212
254
177
22
137
239
165
108
73
86
193
212
241
217
126
98
204
96
92
47
217
9
48
47
163
248
98
91
44
224
164
32
226
180
255
63
15
208
170
7
70
183
54
103
123
159
237
212
249
250
1
54
239
76
163
41
179
91
131
110
22
144
210
0
18
212
249
112
110
165
92
164
72
84
146
178
99
195
1
13
138
153
156
115
199
25
235
167
208
160
19
232
135
26
52
3
225
45
129
181
178
206
234
200
80
159
118
52
220
131
156
205
130
39
137
64
195
162
247
244
115
58
86
100
226
140
11
123
142
151
110
93
73
142
255
35
164
23
229
205
217
254
128
234
143
16
175
157
225
85
99
241
42
136
50
234
139
140
180
179
157
122
152
189
14
73
61
109
25
47
8
233
162
27
147
142
29
154
156
7
89
237
163
169
101
28
72
112
95
157
201
25
221
208
217
249
198
159
3
73
133
29
198
202
109
143
90
165
56
78
236
67
200
134
195
102
107
70
56
33
100
67
204
148
67
168
31
192
235
98
30
175
228
153
135
143
133
130
108
130
69
195
30
45
136
117
37
5
208
26
128
185
42
215
155
217
123
206
234
69
72
11
52
22
4
195
148
9
112
205
223
8
235
228
109
41
108
211
41
144
210
174
169
166
141
180
175
48
176
41
200
101
242
39
60
134
218
147
243
139
211
103
136
151
237
63
5
119
242
133
179
28
16
167
193
162
50
67
110
60
207
109
166
30
14
222
211
139
137
59
205
31
185
95
180
3
60
38
220
196
133
125
193
198
7
132
2
97
247
48
72
205
121
39
239
144
64
9
115
190
24
70
185
14
102
214
28
195
70
232
189
219
126
200
5
4
238
191
206
0
85
195
232
242
212
53
48
175
160
213
135
148
81
208
224
150
43
118
4
2
95
192
153
27
176
240
147
32
239
20
196
249
44
50
166
125
130
201
75
36
246
104
103
68
201
243
117
106
187
146
65
84
48
163
30
63
206
33
172
178
162
51
33
102
74
119
90
56
220
131
81
104
189
148
6
200
167
196
209
38
42
79
25
27
248
130
177
241
190
164
196
151
238
194
95
205
128
191
57
189
95
123
82
253
201
107
21
240
44
144
99
67
199
42
110
242
103
65
120
184
140
137
129
98
162
55
89
206
47
130
79
254
198
193
205
123
129
32
16
121
181
20
219
70
161
225
140
158
9
145
189
195
158
23
183
166
134
106
112
134
118
151
91
236
112
9
158
185
214
127
221
70
182
236
57
175
46
185
22
245
127
203
189
231
88
165
222
132
1
121
248
114
114
104
21
17
1
69
58
55
199
147
56
83
194
96
3
80
49
238
192
177
12
106
141
44
32
243
46
78
226
142
55
149
100
168
193
203
33
233
78
180
49
230
210
84
149
44
238
244
90
244
139
243
203
4
122
55
111
164
147
79
63
148
131
4
60
153
15
83
158
107
210
131
17
255
201
244
206
32
120
210
158
16
77
177
223
7
144
21
61
15
198
88
17
91
250
235
62
247
223
34
65
75
159
214
139
158
17
194
91
75
6
143
254
117
91
78
65
108
168
250
130
13
89
165
91
207
124
74
45
63
3
15
51
103
220
20
44
237
138
220
43
114
94
72
124
159
213
199
168
245
215
111
20
110
52
255
232
113
114
189
112
87
212
114
254
79
73
63
207
112
76
241
5
176
220
53
180
162
123
77
154
103
108
168
184
21
217
153
169
180
25
140
20
88
83
52
15
235
55
199
63
102
70
172
96
151
207
49
182
76
223
100
237
100
100
237
8
181
72
79
173
153
139
5
224
111
202
193
165
199
171
153
55
112
135
117
234
91
13
143
154
217
176
175
204
209
98
119
90
66
157
125
211
218
13
246
157
217
178
97
154
102
11
40
84
44
3
140
178
97
131
228
178
10
45
58
106
239
22
110
213
238
187
125
64
125
2
78
72
154
229
225
120
153
207
166
138
201
81
155
228
230
144
159
54
199
87
214
2
210
254
67
59
120
202
226
246
11
224
63
10
175
7
166
209
224
96
105
168
235
229
10
42
47
126
67
148
216
123
57
230
76
95
2
38
145
75
92
220
222
255
103
5
156
253
88
132
108
50
12
9
112
243
118
84
183
248
114
36
137
95
125
223
129
129
113
249
4
198
77
156
51
75
189
226
244
76
33
40
40
173
152
82
35
252
93
195
183
220
237
164
253
154
153
27
117
147
125
9
27
50
71
182
142
163
184
124
111
255
47
24
235
165
70
136
110
16
51
92
117
61
34
64
112
181
76
211
59
178
79
249
41
161
159
46
27
39
45
126
250
103
190
197
12
163
111
142
88
137
138
8
52
168
222
87
254
185
156
176
113
94
74
187
134
87
217
49
138
233
60
180
142
241
249
237
93
147
215
131
77
89
235
234
163
146
234
159
50
191
187
157
231
64
138
212
16
16
12
121
250
9
161
75
7
181
44
71
135
57
223
12
79
68
46
227
118
255
166
220
146
168
121
176
17
215
73
40
164
126
133
3
93
149
85
125
50
82
64
186
252
77
50
16
180
48
202
186
96
176
12
195
36
216
226
244
129
115
251
109
129
238
130
52
102
140
194
117
88
145
242
149
160
25
254
187
208
25
149
14
51
142
40
53
59
208
27
253
53
79
95
247
74
42
4
33
15
142
254
37
179
239
218
35
114
228
22
183
219
42
46
160
112
183
254
91
179
8
7
104
201
210
108
104
129
27
46
155
183
229
0
132
199
36
34
32
11
25
86
59
152
75
110
162
68
5
242
242
251
223
225
206
137
176
96
44
83
32
48
102
215
7
47
5
87
212
146
179
24
22
69
153
143
52
229
170
196
166
1
75
3
236
102
240
60
100
132
61
34
128
107
76
108
254
74
189
55
247
17
132
64
235
206
81
116
127
75
242
234
45
31
201
49
20
130
238
241
7
23
60
201
118
159
109
238
74
180
192
29
26
84
198
102
46
42
113
127
29
172
177
79
209
139
17
92
108
93
90
224
163
253
87
75
240
27
200
183
82
242
10
205
117
66
86
133
24
251
207
67
115
33
53
125
104
92
158
62
167
145
249
82
49
36
124
1
254
114
221
89
22
172
48
15
56
99
1
42
174
150
246
72
81
30
241
16
18
171
64
133
245
7
223
182
122
59
247
55
182
165
115
224
211
204
29
238
20
117
52
125
225
84
171
159
139
86
112
99
61
157
187
220
232
106
119
76
79
200
244
56
87
126
3
229
96
176
111
109
246
14
69
62
60
207
167
10
250
80
50
195
242
74
217
86
165
122
45
220
214
144
173
190
251
102
114
88
164
147
54
53
127
248
56
213
182
241
161
10
250
199
228
55
84
230
168
112
35
199
130
52
55
48
121
71
215
135
137
249
40
83
148
210
212
21
193
102
146
139
109
192
166
24
115
204
218
72
100
58
81
235
73
230
227
128
108
15
241
253
235
188
139
38
163
84
47
91
122
52
22
107
247
143
166
103
70
81
26
116
166
165
49
44
183
183
7
255
145
46
251
134
181
12
248
38
163
250
192
146
51
224
41
54
206
19
30
67
127
167
141
57
187
89
82
88
92
47
13
185
165
208
193
16
173
240
194
103
227
121
186
123
231
33
43
232
195
135
98
254
143
193
43
251
154
232
110
1
116
101
243
178
137
192
193
165
73
23
241
249
61
6
1
118
84
102
113
7
225
27
103
3
9
117
13
186
53
30
75
154
194
22
165
199
134
62
245
233
195
22
131
135
19
197
79
18
211
239
102
48
171
226
230
108
131
62
55
77
185
187
87
65
71
187
127
252
179
3
214
5
58
101
239
19
196
215
133
107
154
62
181
209
153
16
51
199
233
202
78
179
73
215
220
0
71
232
14
81
152
190
127
249
79
16
145
13
165
156
6
121
149
170
253
237
181
127
127
4
111
56
248
125
58
197
85
83
8
183
98
247
224
31
170
249
196
180
169
74
166
193
28
212
161
35
158
113
35
129
240
200
156
26
205
241
87
41
92
27
187
87
148
156
229
200
99
9
232
115
14
33
114
150
52
41
42
230
151
147
8
73
89
254
12
187
29
236
124
245
59
213
87
93
50
133
195
92
104
232
55
149
59
238
252
36
214
161
55
140
88
220
240
98
76
60
118
137
31
107
70
16
6
207
174
197
69
243
163
13
151
107
239
81
69
251
208
62
26
147
37
24
129
137
4
68
137
249
24
76
113
167
126
70
78
35
112
160
83
205
118
30
53
189
76
205
116
163
16
26
73
240
153
73
103
137
89
175
43
211
232
156
141
143
102
222
121
135
78
177
144
43
190
72
123
137
74
39
95
17
58
145
244
72
95
57
93
223
254
119
250
110
94
54
209
26
49
163
236
107
60
148
91
246
2
121
224
64
144
191
61
34
243
3
92
235
76
175
142
214
40
92
195
216
166
155
74
71
165
33
73
24
57
113
102
64
76
9
36
19
142
48
92
185
107
44
23
70
169
43
207
95
76
14
51
145
74
77
203
26
213
35
152
20
39
97
29
183
81
12
79
36
19
143
220
68
70
218
123
233
25
62
237
84
221
27
150
87
143
201
148
85
129
53
171
160
169
12
39
43
58
76
218
153
103
28
196
174
89
222
117
85
164
120
240
168
52
25
72
101
249
76
68
30
249
65
200
48
80
218
40
105
28
220
214
67
171
164
101
147
161
93
87
170
125
90
6
7
97
203
62
181
247
83
119
94
18
152
147
46
174
208
201
100
233
130
131
226
64
226
159
64
51
216
154
220
6
101
91
242
56
214
206
255
27
237
173
47
12
170
138
8
68
149
25
144
248
189
242
12
110
12
186
150
150
111
28
152
11
234
179
111
25
237
244
176
56
236
173
228
246
56
48
179
168
218
172
98
90
107
197
60
188
58
243
191
135
89
45
198
27
234
12
34
17
31
27
237
57
144
196
253
171
49
221
13
234
175
203
125
242
39
129
194
42
13
186
61
53
34
20
178
146
151
15
146
29
253
242
231
232
114
203
29
217
140
211
255
237
32
98
55
3
214
29
158
224
160
110
169
232
219
227
181
252
203
54
138
38
237
28
157
250
162
197
107
144
11
36
14
152
114
26
161
141
128
253
19
75
170
30
142
3
213
121
76
227
83
106
244
138
172
109
193
51
187
173
90
178
198
22
211
69
155
74
52
192
109
226
108
127
217
169
227
20
57
56
251
212
26
17
191
22
101
209
71
198
217
127
92
74
0
126
175
210
26
21
171
153
233
226
74
98
248
246
228
64
118
113
88
26
149
69
219
111
212
23
62
233
21
192
219
164
241
243
254
197
11
9
41
238
48
225
208
51
180
51
254
225
126
184
140
197
58
213
88
113
32
106
10
131
80
167
155
78
43
208
42
82
176
14
16
42
216
32
225
235
189
195
236
219
78
191
220
173
174
60
240
224
6
158
127
20
98
95
96
97
67
165
90
221
31
184
54
192
68
222
250
250
72
78
110
89
22
204
3
49
52
39
255
128
23
219
119
206
6
5
56
141
48
184
84
253
237
112
161
152
64
53
122
125
136
175
204
183
1
195
166
118
8
152
27
222
131
189
61
185
212
76
236
35
44
252
157
211
68
2
124
30
3
143
117
203
37
200
253
164
226
84
109
185
141
142
144
46
226
1
85
40
89
143
38
167
207
199
67
214
14
194
62
10
214
200
143
131
163
93
227
199
164
102
42
143
136
179
16
61
241
229
64
39
170
149
226
128
146
170
88
248
14
192
176
10
187
5
212
45
222
180
45
152
123
200
205
148
10
29
156
185
30
221
141
27
202
145
179
42
236
228
81
141
86
30
95
95
177
25
39
197
244
43
31
25
254
179
205
24
248
95
57
217
218
162
169
4
143
254
138
26
38
86
245
94
57
59
230
154
239
71
108
86
149
223
14
243
207
191
31
90
77
18
191
236
248
125
184
37
204
116
108
66
45
7
85
249
56
5
28
124
134
245
108
55
205
123
120
239
248
118
47
10
160
190
62
152
110
239
17
144
128
72
132
102
33
90
175
173
217
71
81
1
24
165
110
254
63
141
19
213
168
219
104
160
21
111
169
225
158
154
52
17
133
76
122
18
86
233
43
76
54
205
58
59
87
235
184
174
98
6
225
181
44
9
105
170
22
79
248
25
9
172
224
178
3
183
126
47
95
140
137
17
70
115
249
85
232
70
231
0
203
27
254
139
92
46
126
224
17
40
13
105
135
243
231
218
149
160
132
203
96
212
86
53
209
55
148
224
67
198
164
244
85
0
109
40
61
96
197
136
201
135
112
199
204
42
229
196
22
186
135
230
236
76
163
182
152
22
56
2
99
78
63
45
116
133
63
136
57
154
155
217
207
44
249
114
232
233
30
202
83
239
112
133
60
250
197
41
143
61
64
57
136
223
136
238
90
33
212
78
196
73
148
150
199
27
252
202
132
1
135
60
211
53
245
74
202
74
28
213
108
50
173
225
118
116
28
60
237
65
252
98
97
143
147
241
199
216
113
30
252
70
251
100
112
19
160
216
48
56
148
43
140
135
138
132
163
34
37
190
225
180
235
99
131
47
255
73
4
12
39
224
214
238
242
71
190
34
34
188
129
64
148
50
194
41
246
59
83
191
118
24
215
65
89
252
86
247
175
126
89
7
172
168
165
53
89
222
84
87
119
136
190
153
252
231
10
136
127
67
142
103
184
124
147
148
140
119
109
48
209
57
251
99
214
249
215
194
155
149
128
200
110
52
22
198
140
182
8
189
184
128
196
89
213
66
176
62
179
157
158
36
206
101
131
33
145
218
33
132
153
145
193
188
236
163
218
210
68
84
113
64
244
160
118
93
88
137
170
3
252
176
210
100
112
156
64
229
93
41
64
152
4
236
179
119
128
150
206
74
111
30
7
127
234
200
213
193
145
56
214
71
211
140
44
21
201
210
221
143
112
108
3
171
227
78
159
219
219
191
182
252
99
17
244
88
8
221
80
182
159
72
127
31
252
112
61
163
51
92
67
223
104
109
51
74
147
77
251
139
54
107
232
242
108
137
160
166
48
2
231
166
200
41
63
2
142
50
167
237
195
143
8
129
212
232
169
176
160
217
249
93
138
37
23
129
209
20
141
203
1
247
117
103
245
193
177
17
159
39
184
35
29
66
173
104
161
111
117
148
67
109
98
104
55
250
211
12
176
167
246
80
86
59
214
95
38
26
105
117
128
106
204
123
12
255
131
242
167
142
144
166
223
145
29
11
103
75
63
207
3
56
80
13
143
3
22
119
68
13
89
16
111
73
48
19
179
2
186
120
39
203
86
152
195
143
179
107
55
138
105
6
6
238
32
164
170
124
95
198
123
112
16
69
133
33
135
63
29
232
139
109
176
26
175
39
248
90
226
253
79
251
190
182
145
130
106
58
160
13
243
224
2
228
32
116
83
225
186
8
91
227
24
16
230
168
103
173
235
96
42
228
130
252
25
204
175
96
8
134
48
143
96
80
120
103
190
163
197
182
2
5
234
89
102
66
83
141
90
142
37
132
110
197
91
45
59
144
63
206
182
108
107
153
88
92
155
209
196
153
90
175
186
118
166
85
235
71
163
9
246
207
42
150
95
250
160
206
130
147
107
52
119
115
199
128
133
102
216
72
219
37
229
149
251
43
23
10
124
129
169
70
248
80
115
75
113
171
26
239
113
155
138
147
181
17
20
209
166
36
85
139
48
153
108
88
15
74
117
88
142
148
137
166
66
113
11
62
190
218
165
169
118
162
210
47
46
27
29
71
255
139
113
68
253
210
117
122
122
39
241
32
87
215
1
11
121
53
19
128
109
104
119
163
177
222
156
164
219
115
108
48
23
252
4
86
215
218
246
9
208
47
126
224
36
191
141
22
242
16
127
53
68
72
220
34
92
10
4
216
207
31
128
218
219
219
91
231
54
105
35
225
65
154
239
189
58
42
206
152
174
165
154
87
156
222
14
17
122
158
7
34
78
56
66
150
188
59
25
230
216
42
51
103
118
149
17
83
127
46
51
161
106
76
17
168
22
206
224
111
254
23
50
243
125
52
200
206
24
25
214
16
151
138
12
216
70
34
93
38
3
182
4
249
14
47
177
219
222
32
185
250
231
175
229
21
150
168
252
35
12
194
131
89
203
183
123
218
240
96
198
25
247
111
111
53
235
88
84
30
53
148
5
245
183
185
163
237
213
64
238
81
99
156
44
176
90
168
60
91
19
92
167
198
199
246
208
230
105
186
0
241
32
252
115
189
0
175
93
228
115
3
144
67
125
127
64
77
72
19
1
118
240
29
37
133
244
21
223
107
13
81
16
79
45
157
61
250
86
204
41
129
31
28
27
186
11
201
115
151
92
146
110
248
92
255
117
197
231
176
220
212
42
152
183
183
120
117
129
54
169
84
204
244
251
48
76
255
74
203
89
140
210
111
23
244
36
149
10
92
218
212
167
98
18
52
237
47
82
218
217
163
218
186
72
195
137
205
252
8
36
229
147
224
144
191
201
112
188
158
0
38
63
251
136
99
122
231
229
79
94
57
230
136
203
185
252
172
254
36
76
244
11
115
141
192
111
4
25
212
94
189
101
215
51
76
83
37
207
74
210
221
225
118
92
175
53
103
120
95
111
101
151
227
112
223
4
224
226
88
153
188
184
198
123
124
237
254
63
0
64
209
66
0
148
222
201
76
36
252
252
219
178
140
63
70
224
37
49
122
151
115
172
167
8
102
96
220
132
95
178
67
173
10
11
141
87
25
245
255
52
85
192
162
170
114
185
70
7
90
57
112
79
199
78
23
204
71
3
160
87
214
71
69
25
88
154
204
96
44
49
31
206
176
236
139
137
131
178
254
103
218
224
69
158
185
11
53
4
253
204
179
103
103
234
55
156
186
253
113
7
73
25
0
91
238
79
158
185
247
38
100
102
165
112
138
68
9
38
169
93
175
160
58
34
88
63
94
202
224
71
88
254
57
158
242
48
15
145
106
234
13
245
246
9
139
26
182
45
236
96
62
7
108
208
116
77
204
46
92
244
190
38
4
145
228
202
181
69
84
48
86
213
22
78
2
230
7
187
140
62
24
146
221
196
62
143
168
243
199
98
166
218
104
41
113
233
250
234
105
74
63
180
151
160
128
92
251
21
117
110
210
91
186
222
173
169
172
201
103
215
13
239
77
46
72
122
144
121
75
55
130
133
38
162
113
254
132
139
37
229
9
21
230
202
102
102
36
205
227
1
239
198
181
172
206
10
138
193
115
139
0
105
29
208
215
98
206
36
199
158
98
118
218
50
250
126
47
105
217
186
194
240
225
122
123
4
62
140
22
36
45
182
213
31
150
89
90
199
235
84
198
54
56
188
86
81
42
184
22
193
81
208
42
34
180
88
112
132
179
212
198
247
254
227
102
239
63
180
27
230
235
86
222
212
39
104
51
25
45
173
175
5
194
79
220
103
73
118
40
5
40
15
232
47
177
44
10
215
66
171
83
30
249
112
168
0
222
19
92
80
211
122
162
66
36
251
210
151
120
23
154
5
103
67
71
140
233
0
106
243
237
103
101
254
164
225
86
133
206
51
66
231
222
74
112
144
99
223
36
102
249
50
1
58
154
223
155
161
162
123
206
33
124
127
144
224
90
184
254
92
38
143
70
94
225
52
55
90
252
63
15
227
92
51
204
80
49
143
11
39
70
203
127
53
9
235
144
202
87
208
231
86
189
245
185
53
159
116
133
163
108
5
10
145
146
126
35
202
223
168
64
83
100
210
13
59
181
202
11
203
125
26
112
112
97
178
237
76
26
205
195
161
155
142
75
115
98
130
67
181
141
56
5
123
114
161
44
122
174
239
136
114
169
28
16
97
10
25
223
70
113
118
186
54
121
211
254
205
144
230
3
217
208
110
181
72
140
233
106
179
148
23
25
211
159
207
82
134
223
10
14
212
20
219
76
145
45
39
91
100
194
46
111
165
60
7
236
28
46
159
138
206
38
52
245
189
169
206
75
239
194
184
195
157
38
229
196
190
199
169
60
24
240
61
159
217
96
234
49
177
106
34
44
129
192
125
112
25
2
33
158
156
245
160
196
121
37
191
44
233
136
177
251
180
206
13
228
65
151
44
73
248
165
199
189
246
124
246
110
68
91
11
22
175
61
96
34
66
70
166
30
90
223
58
40
113
95
170
247
122
221
90
208
119
238
8
36
168
102
116
13
119
63
180
124
16
231
82
124
122
104
15
118
4
80
118
155
110
83
179
181
160
139
193
46
55
230
93
38
75
205
241
155
190
135
43
152
231
59
157
159
207
177
54
29
38
214
57
35
28
50
109
145
159
190
238
134
155
118
30
160
51
89
103
238
200
204
124
138
251
194
244
253
165
88
186
142
8
194
228
179
248
74
55
195
45
4
178
107
250
166
118
7
186
8
160
73
167
223
227
25
79
33
101
22
129
135
208
117
79
162
70
50
203
149
8
184
83
194
85
108
39
80
192
72
83
214
46
196
228
200
50
200
87
100
11
62
2
56
0
90
104
54
77
94
157
182
85
251
1
187
167
235
63
172
42
45
79
101
173
96
155
190
59
171
45
111
55
177
55
160
24
172
251
95
222
119
11
190
131
194
180
231
60
168
153
66
196
38
31
237
26
122
62
155
126
49
97
94
24
111
249
230
112
109
131
175
72
94
85
204
38
227
95
186
93
187
22
32
93
105
78
253
27
25
147
234
42
63
225
42
77
141
255
114
180
108
160
58
131
150
11
121
126
249
216
131
227
67
79
100
180
204
143
175
250
236
55
119
189
21
83
231
183
199
213
28
187
133
19
48
99
155
125
206
184
169
206
251
37
105
28
102
172
8
219
68
228
57
40
254
59
243
3
77
14
245
214
36
197
179
134
75
151
184
234
82
20
216
164
195
64
235
132
254
249
8
155
65
9
154
94
156
199
147
221
166
20
106
14
34
191
168
26
187
130
127
49
249
143
201
253
117
32
44
64
100
157
144
150
65
57
63
77
240
219
147
164
129
10
198
51
154
20
98
206
166
229
45
127
246
98
249
82
72
27
124
12
228
89
81
117
123
241
25
137
181
255
125
98
212
38
88
104
88
172
180
187
89
108
62
184
133
122
238
157
212
8
91
91
223
246
114
142
33
39
184
147
33
250
173
111
164
131
197
123
191
23
152
164
158
54
107
6
58
86
7
163
193
201
72
193
185
183
152
44
31
6
203
197
183
206
69
112
160
223
122
55
143
116
227
75
72
173
10
169
115
138
54
38
104
15
146
28
4
209
75
160
194
84
118
55
130
150
163
175
178
169
216
217
223
221
46
80
32
111
78
245
226
63
125
103
101
161
226
18
205
225
118
49
157
80
235
177
15
239
2
184
123
52
189
158
139
25
130
48
188
188
129
15
32
213
55
150
19
111
22
20
177
230
240
73
61
252
194
94
29
245
14
162
24
108
4
191
55
182
56
1
179
226
13
186
19
144
4
30
79
136
101
47
10
251
195
94
93
242
45
18
191
160
20
84
163
168
176
27
157
131
149
127
84
45
205
68
139
30
50
11
13
96
119
37
81
206
51
39
64
151
183
219
57
179
38
13
22
94
119
94
215
63
7
79
132
134
114
99
44
239
3
86
91
150
157
126
165
15
77
97
124
15
249
80
153
244
61
63
41
157
64
239
128
196
189
122
83
185
173
71
186
172
74
72
167
234
203
146
49
235
6
50
12
18
227
172
112
230
148
168
77
157
213
248
130
178
79
158
101
216
68
86
206
231
240
198
52
196
141
224
199
98
155
35
29
15
190
250
183
4
54
99
84
53
227
104
165
221
169
157
100
148
84
31
55
229
0
221
145
136
161
39
65
233
216
195
188
242
180
158
210
140
171
142
169
67
134
188
161
92
7
52
207
95
236
198
186
150
247
136
71
217
160
182
253
22
173
48
118
33
136
45
240
13
101
78
50
149
131
103
221
209
46
169
208
66
237
94
164
220
157
20
77
104
203
93
155
78
27
191
133
203
63
142
44
160
69
223
23
95
14
1
241
124
49
221
69
99
183
129
57
228
86
231
130
196
84
13
105
49
251
214
238
57
116
161
142
39
30
169
235
70
100
221
66
125
81
80
233
242
42
251
166
115
125
43
27
75
79
107
204
198
206
252
96
41
161
117
134
136
165
251
248
58
33
123
43
29
162
146
8
215
41
167
1
134
228
181
195
234
86
35
254
205
46
163
106
58
179
190
87
140
204
151
53
164
177
105
187
32
17
125
165
74
206
109
194
27
76
255
233
74
39
63
158
1
105
85
142
11
62
38
165
154
138
190
122
170
211
172
114
196
183
20
66
107
0
218
162
125
187
147
241
203
83
65
225
152
110
142
243
129
184
244
89
111
179
51
85
57
136
182
74
191
115
36
223
50
213
149
112
0
129
18
232
101
233
196
83
144
213
82
65
118
219
252
134
175
32
12
91
114
0
157
55
48
254
148
183
240
123
7
11
25
178
74
12
95
54
162
50
237
61
37
176
219
177
152
179
119
57
141
27
151
32
81
89
125
96
29
155
108
170
15
35
108
245
155
10
97
104
74
218
71
150
212
38
157
82
39
106
78
137
148
189
156
164
249
105
243
46
253
219
191
55
110
69
84
237
229
227
204
82
250
78
45
208
142
237
132
126
42
190
209
103
69
128
177
98
13
128
239
83
24
207
138
1
20
119
232
255
198
253
116
53
51
69
113
69
66
214
127
68
144
96
203
117
134
196
224
174
97
56
0
68
43
212
55
24
197
225
204
43
112
126
169
8
221
48
171
184
212
95
205
17
172
28
107
6
68
154
142
147
222
1
253
80
97
209
89
0
69
212
146
46
201
64
118
247
168
41
185
48
226
166
239
30
27
210
59
7
170
189
46
7
41
59
136
65
28
201
239
140
101
11
227
46
135
169
136
203
133
0
185
171
248
138
45
231
8
76
2
113
213
146
125
140
203
214
4
50
172
166
190
89
118
207
74
104
93
6
237
0
197
126
104
223
85
193
243
30
173
221
224
76
27
39
184
73
247
106
205
202
147
10
149
49
175
176
21
103
167
81
230
137
209
145
95
174
36
216
245
167
90
97
7
2
211
216
189
180
68
141
169
85
156
66
24
150
76
226
95
170
118
228
70
181
105
199
232
55
113
43
68
103
16
156
130
160
68
26
44
18
134
7
94
65
74
76
32
96
17
128
105
163
90
150
31
133
172
56
48
120
130
72
244
216
27
47
72
207
38
209
123
39
171
186
149
146
164
77
214
177
111
121
194
162
22
70
156
73
184
237
40
254
242
74
80
244
199
211
193
1
239
101
28
128
103
210
253
30
28
238
21
27
77
56
29
192
20
128
135
19
96
12
55
57
72
137
68
241
241
4
165
249
221
69
51
218
43
132
57
12
47
222
133
212
186
134
178
143
91
47
130
171
220
26
43
152
94
209
189
54
167
94
117
41
71
95
108
174
250
51
88
158
199
123
101
166
226
235
37
198
44
178
179
176
209
130
1
115
122
2
30
238
82
62
44
184
193
139
184
133
224
227
204
20
5
66
189
25
61
45
132
23
12
129
196
110
171
147
130
85
15
128
215
65
183
138
63
178
231
81
210
37
198
64
141
184
131
21
133
118
46
154
16
104
16
217
81
199
122
37
192
183
253
85
157
212
243
233
109
61
54
84
59
85
172
89
1
173
160
147
88
88
141
74
135
52
75
161
137
112
229
234
190
75
245
128
8
15
140
76
191
67
119
218
81
153
82
190
120
190
39
140
62
239
71
145
21
228
204
71
104
31
110
225
235
43
176
241
78
207
42
230
64
34
75
49
85
45
188
147
64
46
173
166
181
182
110
13
218
36
112
226
152
83
244
41
62
52
152
61
72
0
53
203
244
29
195
11
205
92
106
171
167
234
149
235
119
106
221
135
174
220
178
159
197
69
194
162
48
172
133
229
6
222
23
31
55
170
136
107
187
38
67
38
48
161
102
201
230
23
51
216
250
203
217
121
111
205
89
219
47
118
87
209
75
215
254
63
235
87
7
210
158
95
61
24
203
146
10
194
87
198
137
199
242
218
156
176
173
140
170
161
198
24
192
221
134
36
40
47
113
176
235
44
156
14
22
65
158
242
14
146
86
8
67
235
252
224
1
67
83
213
44
178
147
32
24
91
18
140
233
30
90
136
162
74
15
135
126
222
143
20
222
203
78
220
95
16
41
1
127
4
89
33
109
137
49
36
148
76
196
203
184
68
70
173
163
30
153
46
252
111
141
141
193
234
109
34
31
178
2
34
161
171
246
64
36
227
35
150
242
99
177
171
189
186
208
97
146
248
189
6
2
36
163
31
144
208
125
168
90
48
134
168
132
1
174
114
11
105
155
44
202
248
56
205
147
107
205
100
154
44
176
72
94
199
139
66
21
63
99
224
100
37
247
126
152
242
108
130
148
132
243
52
248
240
108
15
214
109
16
29
56
52
93
115
228
178
110
211
130
162
161
42
75
85
208
142
64
227
98
83
200
1
81
155
208
36
2
86
77
15
225
22
119
184
50
108
99
1
34
36
162
191
211
8
134
167
90
80
53
245
194
195
7
250
48
167
40
93
50
156
79
86
133
99
129
169
150
245
49
92
163
116
190
34
39
15
51
105
108
218
84
105
165
247
201
216
38
179
158
25
35
85
73
20
141
81
12
11
192
10
134
100
9
61
47
63
9
76
28
43
210
199
21
218
199
61
91
5
247
27
104
152
55
83
186
110
80
212
71
133
194
25
225
106
38
10
134
231
168
129
227
240
100
196
194
158
90
185
108
56
194
62
190
107
165
108
140
182
177
151
48
3
102
218
219
144
171
137
91
6
209
183
107
158
95
43
182
78
23
133
64
136
21
182
232
248
149
237
52
119
3
135
140
216
55
134
231
172
76
158
18
226
159
137
152
210
172
203
198
200
110
40
207
217
83
197
101
78
95
166
18
2
97
135
64
6
108
171
8
249
130
90
35
26
241
240
96
3
242
147
16
111
43
106
142
85
1
64
103
49
206
94
234
150
12
0
141
237
175
43
217
17
104
196
208
37
86
64
88
117
209
41
151
166
34
147
174
120
89
127
113
45
172
136
101
178
119
239
108
0
193
168
147
48
82
19
212
126
62
26
82
108
150
113
226
251
169
15
104
204
126
85
103
226
177
221
46
103
135
135
214
103
60
148
160
25
156
115
250
84
26
239
164
31
19
144
249
66
127
208
48
217
231
33
190
16
86
230
30
105
167
166
165
226
66
249
23
125
40
137
183
92
121
158
84
66
178
166
183
159
123
41
30
145
1
111
122
13
200
89
238
236
21
232
178
63
168
229
210
212
167
113
54
106
156
166
93
163
78
114
203
147
12
19
192
203
28
62
128
108
187
16
44
98
124
38
239
125
224
7
150
48
124
64
242
20
41
54
236
217
61
139
42
125
175
200
165
141
171
4
222
136
195
134
70
205
189
55
2
241
80
28
75
207
207
222
240
28
119
168
171
252
23
224
94
144
132
159
239
70
56
15
5
230
94
144
222
65
12
18
250
249
170
55
200
112
20
214
136
30
200
145
218
40
210
158
199
171
243
86
116
181
83
199
65
220
67
112
254
20
133
143
178
112
124
7
169
170
107
132
11
145
172
51
188
227
134
89
187
160
160
239
86
142
57
232
109
111
168
79
214
50
246
135
206
64
153
173
125
133
55
72
28
95
204
177
16
255
9
156
70
182
245
231
144
214
205
67
206
240
78
102
186
178
214
65
185
232
41
235
213
144
163
159
31
21
213
60
141
228
187
115
193
200
60
117
131
25
19
190
77
105
179
90
23
135
98
87
226
181
113
5
138
89
33
197
231
102
6
174
159
5
189
206
31
71
245
80
83
79
85
102
105
121
26
167
152
180
126
38
182
76
202
99
115
138
41
150
8
139
118
126
103
18
1
246
80
163
99
130
28
203
60
50
7
138
249
14
7
209
2
39
217
217
212
26
103
238
63
150
77
192
252
230
166
169
177
195
159
184
224
103
63
53
186
122
55
25
21
237
26
15
16
142
180
24
145
95
28
173
212
29
96
22
171
18
29
80
137
148
36
18
215
112
26
48
67
213
214
70
117
116
110
20
218
176
246
26
171
13
176
235
72
212
14
227
42
20
196
105
157
161
156
32
14
217
252
177
94
227
215
107
10
244
2
114
183
43
203
45
123
99
59
45
25
41
20
91
44
115
140
68
202
240
98
194
124
121
224
66
173
21
80
144
136
164
60
76
36
158
139
157
251
251
149
127
150
212
161
187
178
200
189
249
74
197
142
194
236
251
231
244
151
221
200
27
140
130
103
251
120
11
181
162
193
137
209
22
15
199
231
42
112
110
232
175
95
207
114
58
84
2
141
220
62
0
154
225
211
5
97
231
111
22
159
16
113
91
18
46
13
153
88
253
98
151
230
153
238
96
136
66
216
48
109
216
92
69
101
38
108
112
67
53
204
63
33
26
142
191
211
1
226
146
163
136
197
187
184
112
255
2
16
195
138
212
79
114
195
106
6
67
114
254
50
194
170
242
181
63
188
247
89
201
154
87
93
22
223
186
193
115
39
199
187
9
180
12
96
57
231
131
61
112
214
95
160
89
193
166
249
194
58
1
203
120
7
142
129
111
119
155
49
248
95
133
137
195
42
241
70
86
40
34
211
183
69
83
181
164
39
51
210
144
171
219
48
123
253
200
169
218
128
95
128
17
77
198
249
235
254
108
109
79
188
13
170
101
144
198
113
239
87
213
248
25
33
190
109
56
28
219
67
84
31
10
102
16
47
147
217
135
130
5
138
150
213
84
204
172
146
149
121
207
74
207
27
159
177
71
140
188
18
40
129
225
105
83
150
93
247
36
16
191
220
162
226
222
117
247
27
94
98
49
189
158
194
247
183
40
63
247
193
104
25
202
118
126
78
227
178
239
64
145
201
128
154
96
221
63
130
52
46
124
88
99
235
102
249
117
106
24
180
230
36
148
101
180
45
47
179
25
47
228
148
117
64
190
78
175
62
126
91
254
201
94
105
2
120
186
33
207
194
114
142
22
245
112
143
24
85
247
93
234
60
129
15
197
142
140
11
37
179
32
108
7
133
136
23
161
40
220
230
173
144
77
223
221
195
130
240
98
58
9
242
157
1
144
173
183
24
67
214
249
234
81
123
4
157
195
164
137
129
80
16
170
222
77
87
244
152
210
180
18
20
247
20
25
252
109
168
89
70
176
159
89
246
218
147
247
205
30
222
63
239
212
116
105
231
150
150
184
239
201
59
114
18
3
40
111
47
0
193
161
29
32
237
138
102
162
119
117
227
90
110
27
39
26
138
157
187
2
25
9
215
241
95
51
89
50
16
158
147
229
66
194
19
121
97
200
67
241
31
109
23
107
236
29
32
185
139
234
116
36
36
73
144
167
148
97
165
177
95
179
253
30
93
66
229
228
114
198
146
31
202
9
82
81
82
53
153
196
106
215
239
240
18
86
57
168
246
215
31
71
93
99
229
207
146
163
221
21
254
47
225
2
11
148
219
212
48
248
82
26
163
47
175
143
48
105
228
20
44
3
172
233
94
150
157
113
25
118
138
89
6
121
153
72
97
202
173
147
130
131
218
59
253
246
245
188
14
103
147
5
2
10
52
211
229
190
185
16
46
160
223
133
244
183
153
249
21
224
65
161
42
250
255
201
32
152
73
124
156
151
218
213
68
6
225
240
63
88
50
162
37
138
25
56
64
224
135
49
95
196
130
157
199
204
212
51
119
178
98
125
245
160
118
141
73
189
199
168
226
29
182
40
74
37
165
90
231
126
127
172
185
33
45
165
17
221
86
78
23
172
231
116
247
179
255
197
176
147
246
245
213
22
133
215
58
149
183
220
208
7
60
220
230
240
252
219
21
211
245
164
160
56
22
18
145
138
8
179
104
10
4
77
65
146
14
45
120
56
96
63
68
158
83
155
212
105
57
146
203
167
248
91
83
241
67
47
5
137
41
124
198
64
125
78
92
199
175
89
59
96
92
51
17
233
122
72
11
50
193
229
154
171
27
229
117
38
7
203
150
110
241
123
179
105
28
78
15
249
21
156
29
180
65
138
228
218
111
96
212
193
86
180
235
118
141
101
41
120
237
16
236
74
237
36
12
237
217
20
29
254
124
59
24
219
227
73
111
99
22
199
169
28
166
59
71
119
169
75
96
202
199
119
122
203
101
11
64
175
242
245
2
33
96
211
33
156
108
185
60
236
142
158
179
180
203
148
72
70
9
46
160
15
240
156
123
20
221
11
169
91
230
34
144
15
34
147
43
213
127
94
20
136
186
224
58
56
70
71
89
5
78
46
87
228
3
112
174
76
37
65
222
8
131
127
140
193
236
16
222
163
132
6
193
139
116
130
103
227
233
168
72
232
209
229
93
188
202
139
108
55
70
252
55
102
149
18
45
100
253
36
90
161
119
243
138
121
16
210
23
92
6
48
32
52
204
92
185
225
139
44
65
241
140
83
131
163
46
86
187
188
255
18
179
175
142
147
148
20
202
224
178
219
70
22
96
195
236
89
47
168
30
194
144
151
163
181
100
159
21
191
250
41
38
127
16
80
82
219
217
132
66
60
154
123
39
159
8
136
129
243
242
126
69
1
94
117
172
41
196
245
71
197
104
209
130
120
216
92
55
242
168
254
31
225
118
9
62
57
148
105
110
18
169
81
117
157
88
64
117
41
56
60
86
136
2
93
9
26
199
255
163
173
199
43
187
194
59
123
139
218
254
73
108
224
73
238
79
115
179
210
53
122
167
254
131
72
226
58
75
243
130
242
249
175
131
220
53
160
250
51
86
115
242
98
66
120
113
181
1
240
202
43
121
37
209
254
50
81
207
100
205
105
157
7
56
57
251
26
184
120
69
203
255
134
253
122
61
88
160
158
74
183
103
251
189
107
230
66
90
43
220
77
27
11
252
188
23
46
243
206
98
40
145
33
38
236
136
40
88
132
44
220
53
113
101
129
45
157
246
120
218
252
199
58
191
249
51
169
251
88
75
111
15
19
44
59
0
230
93
150
126
232
212
167
137
227
22
141
173
71
135
141
31
94
2
207
219
138
25
143
30
143
157
66
253
174
251
30
52
234
249
91
70
14
238
22
194
30
244
145
168
84
116
197
65
83
42
172
89
104
158
232
55
173
118
36
180
231
152
254
100
197
235
255
45
50
114
62
233
111
188
202
67
75
226
235
45
155
46
5
241
50
60
232
192
97
243
170
213
190
185
218
79
74
175
156
99
36
157
106
10
116
105
239
115
91
248
221
171
125
118
182
106
152
122
141
24
190
89
17
140
187
174
121
246
80
117
130
249
2
130
34
231
36
141
37
115
100
50
184
28
34
57
76
41
4
182
219
115
219
25
12
2
59
197
225
216
176
49
60
38
236
41
248
124
220
226
114
100
249
146
198
227
89
167
25
153
241
253
127
249
94
136
88
35
184
36
108
118
43
84
176
52
209
228
65
149
3
20
233
2
252
74
152
130
70
205
79
7
124
232
191
11
156
239
233
174
156
208
109
121
190
223
177
218
177
18
57
22
175
154
148
232
35
84
28
131
92
10
48
135
155
25
246
122
22
74
48
146
70
254
228
79
135
119
212
45
254
100
152
77
139
124
220
81
41
53
222
119
81
253
184
26
142
220
155
215
19
239
183
167
145
28
238
135
205
5
136
179
6
58
230
71
38
47
234
133
48
183
203
153
152
55
108
159
88
27
165
143
99
65
36
31
158
248
29
106
166
155
234
255
126
200
231
0
229
43
111
107
30
78
143
127
31
136
238
130
248
75
127
236
185
88
4
94
3
50
89
250
87
191
206
154
50
168
197
10
6
124
147
166
188
111
222
192
129
180
98
245
162
166
112
199
84
223
225
37
220
195
35
221
224
190
151
129
246
236
110
117
58
193
117
242
82
223
223
32
207
206
150
177
91
32
193
64
64
186
239
122
226
60
91
179
151
76
21
221
132
5
75
35
195
120
57
189
10
187
175
114
22
235
155
81
160
236
41
207
210
203
151
235
168
143
208
31
235
151
228
197
43
89
181
218
142
41
182
252
131
147
29
242
77
202
218
160
173
62
162
185
7
48
212
7
71
190
242
114
74
66
138
170
97
141
14
152
68
71
133
18
154
223
115
97
226
166
217
62
92
253
38
88
247
173
205
250
43
12
171
130
53
158
164
108
231
164
87
151
244
159
88
85
213
91
77
234
235
57
15
112
186
25
191
138
83
39
120
79
129
21
38
9
181
35
42
240
120
182
43
137
65
83
176
23
132
152
254
55
89
210
135
160
187
85
212
115
171
113
216
138
171
134
40
29
39
166
194
92
159
176
9
146
248
223
220
74
92
99
0
142
8
231
246
130
54
175
230
245
164
139
9
135
175
255
102
83
211
213
195
179
48
63
22
241
60
26
254
46
31
36
112
148
196
20
213
77
157
124
135
178
183
73
68
131
239
225
211
4
150
151
181
42
169
133
245
38
61
9
74
220
29
212
44
143
130
119
119
227
6
201
227
38
1
115
20
162
152
49
128
73
2
21
251
98
91
251
27
251
124
28
140
93
16
103
148
64
64
182
118
63
147
93
4
77
72
5
249
52
145
124
73
216
49
174
41
215
94
235
221
15
145
39
164
74
177
147
212
126
174
31
74
88
68
241
134
96
4
239
91
72
177
233
216
21
232
71
108
48
186
203
66
20
27
71
169
51
128
6
31
16
216
192
66
74
214
91
238
188
221
225
45
134
27
114
27
245
225
136
207
54
125
99
214
123
4
5
96
37
87
134
122
161
109
28
129
61
214
57
54
204
158
17
229
109
46
145
207
214
241
129
224
90
55
179
125
48
215
108
110
46
6
155
41
71
166
226
185
72
252
242
229
191
131
21
205
113
235
161
61
203
102
115
214
25
23
28
142
184
125
170
214
0
27
248
232
217
228
227
185
128
255
158
126
72
67
107
153
132
102
114
67
99
27
88
18
70
105
2
189
46
198
130
27
141
243
0
173
176
156
83
125
123
80
19
100
153
114
6
50
148
222
200
44
77
240
50
149
39
153
158
219
146
161
91
210
84
0
158
25
242
158
239
179
180
224
224
128
190
199
204
76
227
1
91
100
161
70
22
26
239
163
190
183
41
63
242
67
4
125
223
161
220
247
184
124
91
86
177
145
31
172
246
17
164
248
154
57
202
243
152
249
44
252
24
48
87
86
198
103
233
85
162
194
190
196
128
30
166
234
229
233
153
13
193
145
34
133
70
55
156
117
200
228
187
198
210
115
8
156
255
80
98
101
127
194
58
144
97
253
83
212
50
248
231
149
41
172
134
221
115
71
190
45
194
18
175
210
79
13
224
228
8
8
89
63
190
202
252
112
124
236
71
249
196
222
16
62
254
120
224
243
238
133
209
5
56
104
139
224
126
232
63
148
201
181
80
168
218
75
209
183
7
194
168
1
124
152
81
62
106
30
240
253
160
142
46
198
152
218
172
35
186
184
105
161
84
69
252
31
252
59
33
185
116
160
253
47
16
239
144
123
155
188
9
84
231
205
120
171
100
191
91
147
119
150
227
54
154
190
151
189
117
253
105
202
102
183
3
255
182
73
106
205
153
220
49
17
212
46
187
195
172
190
148
184
212
6
250
5
104
156
194
213
189
80
45
234
254
87
158
168
101
103
148
30
75
86
192
143
56
251
100
39
188
1
72
178
134
37
156
14
1
62
236
107
138
12
76
185
189
239
97
117
116
56
189
74
36
97
156
23
59
248
123
158
237
58
249
198
66
147
175
222
67
130
111
124
136
208
86
196
207
54
99
110
121
104
73
11
194
127
238
122
187
241
83
251
109
196
76
165
190
215
12
19
